[14, 9, 15, 11, 21]
[12, 7, 18, 20, 10]
[22, 7, 18, 1, 17]
[9, 2, 14, 17, 20]
[8, 21, 21, 4, 18]
[14, 16, 15, 12, 21]
[9, 13, 20, 15, 7]
[3, 3, 2, 21, 9]
[7, 3, 7, 4, 6]
[1, 15, 16, 12, 16]
[20, 7, 15, 22, 12]
[21, 10, 10, 19, 15]
[2, 19, 3, 4, 11]
[16, 12, 16, 21, 12]
[12, 1, 16, 22, 18]
[15, 20, 21, 10, 11]
[3, 5, 20, 16, 18]
[11, 8, 7, 13, 2]
[6, 3, 9, 13, 11]
[3, 13, 8, 18, 18]
[6, 12, 16, 12, 21]
[1, 1, 15, 7, 14]
[8, 1, 5, 5, 13]
[22, 19, 15, 3, 8]
[15, 23, 18, 14, 15]
[19, 8, 23, 13, 5]
[19, 9, 13, 19, 3]
[11, 16, 20, 17, 19]
[15, 2, 16, 20, 15]
[1, 10, 17, 5, 5]
[7, 6, 12, 21, 4]
[11, 6, 16, 15, 18]
[18, 2, 14, 22, 3]
[19, 11, 1, 11, 16]
[19, 9, 15, 6, 14]
[21, 23, 6, 21, 4]
[22, 17, 9, 10, 14]
[6, 19, 17, 21, 11]
[16, 9, 22, 2, 19]
[14, 22, 19, 21, 20]
[2, 20, 11, 21, 9]
[7, 8, 3, 12, 7]
[5, 14, 6, 22, 21]
[5, 7, 15, 13, 13]
[10, 2, 22, 8, 9]
[3, 23, 2, 7, 4]
[19, 9, 19, 8, 21]
[15, 20, 5, 22, 8]
[21, 8, 7, 11, 22]
[22, 11, 14, 11, 9]
[16, 5, 2, 21, 7]
[16, 16, 12, 15, 15]
[10, 2, 9, 2, 17]
[6, 16, 8, 13, 9]
[9, 23, 22, 17, 23]
[1, 7, 22, 6, 11]
[15, 3, 9, 1, 18]
[2, 14, 8, 19, 17]
[4, 18, 2, 12, 18]
[15, 18, 16, 20, 15]
[5, 11, 19, 3, 23]
[7, 20, 23, 4, 12]
[20, 19, 19, 23, 4]
[17, 10, 7, 13, 11]
[5, 18, 13, 11, 11]
[10, 2, 16, 13, 8]
[6, 3, 15, 13, 17]
[20, 20, 17, 4, 10]
[8, 13, 19, 20, 4]
[10, 18, 12, 21, 4]
[7, 22, 20, 7, 16]
[18, 13, 5, 7, 20]
[4, 22, 4, 2, 20]
[7, 19, 5, 3, 11]
[2, 6, 21, 14, 10]
[7, 15, 1, 3, 23]
[12, 16, 19, 12, 6]
[6, 5, 13, 21, 1]
[21, 7, 18, 23, 16]
[19, 4, 19, 18, 21]
[16, 13, 9, 14, 5]
[18, 23, 21, 14, 8]
[11, 10, 7, 7, 12]
[10, 11, 13, 19, 21]
[14, 6, 8, 19, 13]
[3, 1, 9, 3, 14]
[6, 19, 18, 20, 9]
[11, 4, 19, 3, 16]
[9, 11, 7, 23, 22]
[13, 12, 21, 16, 17]
[16, 7, 1, 7, 20]
[2, 18, 11, 2, 6]
[15, 1, 7, 8, 19]
[5, 18, 3, 13, 21]
[7, 5, 11, 9, 17]
[11, 17, 15, 3, 22]
[10, 18, 12, 9, 5]
[14, 6, 15, 7, 12]
[10, 21, 2, 7, 8]
[6, 10, 2, 23, 14]
[9, 12, 15, 14, 14]
[21, 6, 12, 8, 20]
[13, 11, 14, 5, 5]
[11, 20, 18, 19, 21]
[2, 22, 5, 15, 10]
[21, 13, 22, 10, 1]
[13, 18, 16, 10, 8]
[13, 11, 14, 11, 8]
[9, 1, 21, 22, 2]
[5, 7, 5, 21, 17]
[17, 13, 16, 2, 5]
[3, 18, 2, 20, 12]
[8, 16, 18, 13, 5]
[3, 11, 8, 13, 4]
[1, 16, 15, 23, 16]
[12, 4, 16, 8, 4]
[17, 3, 13, 7, 3]
[7, 19, 12, 9, 1]
[4, 15, 21, 1, 16]
[12, 17, 20, 23, 23]
[11, 2, 16, 6, 4]
[4, 2, 18, 2, 1]
[11, 19, 1, 11, 5]
[2, 7, 22, 2, 7]
[1, 12, 4, 13, 5]
[17, 14, 8, 14, 23]
[22, 1, 6, 2, 12]
[21, 19, 13, 8, 17]
[4, 21, 8, 4, 3]
[19, 22, 7, 15, 14]
[11, 2, 11, 16, 9]
[16, 20, 23, 10, 23]
[3, 4, 23, 5, 1]
[9, 11, 4, 20, 22]
[13, 8, 11, 10, 20]
[19, 3, 22, 4, 17]
[20, 11, 19, 2, 4]
[18, 5, 3, 4, 23]
[17, 9, 5, 10, 19]
[7, 10, 1, 5, 6]
[17, 17, 3, 5, 9]
[3, 13, 13, 21, 22]
[15, 11, 9, 10, 7]
[3, 22, 23, 19, 11]
[1, 23, 21, 18, 2]
[8, 9, 9, 7, 15]
[1, 5, 5, 23, 2]
[10, 2, 3, 8, 20]
[2, 23, 4, 13, 17]
[15, 6, 7, 20, 19]
[14, 14, 22, 9, 1]
[10, 21, 12, 13, 1]
[18, 8, 16, 6, 15]
[23, 7, 1, 15, 8]
[20, 8, 9, 16, 15]
[14, 10, 18, 20, 6]
[5, 21, 19, 3, 9]
[15, 22, 21, 11, 16]
[7, 15, 9, 8, 21]
[17, 5, 8, 5, 22]
[20, 22, 3, 21, 11]
[3, 16, 18, 1, 14]
[5, 9, 23, 10, 13]
[17, 8, 15, 15, 6]
